-0.101927 -5.16294e-06
1.0709 1.93101e-05
1.00521 7.18645e-06
0.468667 -4.16176e-06

3.4404 4.50334e-06
-2.08509 2.2658e-05
-0.195754 6.50642e-06
0.315302 1.40586e-05

1.39066 1.57302e-06
0.28611 -2.0698e-06
-2.28093 -1.22234e-07
3.39319 2.60298e-07

-2.24953 5.09016e-07
2.99837 5.4911e-06
3.18768 5.32183e-07
-1.81652 -1.37608e-05

0.2714 7.11222e-07
0.3478 2.26947e-05
0.494566 7.05141e-06
0.0569023 -1.80184e-06

0.00760612 1.4365e-05
1.5934 2.37221e-05
-1.42187 -6.30738e-05

-0.316161 -9.5732e-06
1.60643 -1.02801e-05
-1.18629 4.14189e-05

1.87345 -5.36523e-06
-0.345418 -2.29753e-06
-1.33733 1.3409e-05

1.648 9.07285e-06
-0.41456 9.19436e-06
-1.10036 -3.84069e-05

-0.133385 -4.67404e-06
-0.0723348 -3.40125e-06
2.63742 2.5358e-05





